24 28 32 36 39 37 33 29 25 
-1 21 -1 -1 -1 -1 -1 19 -1 
17 16 15 14 13 12 11 10 9 
-1 -1 -1 -1 -1 -1 -1 -1 -1 
-1 -1 -1 -1 -1 -1 -1 -1 -1 
-1 -1 -1 -1 -1 -1 2 -1 -1 
8 7 6 5 4 3 -1 1 0 
-1 18 -1 -1 -1 -1 -1 20 -1 
22 26 30 34 38 35 31 27 23 

24 28 32 36 39 37 33 29 25 
-1 21 -1 -1 -1 -1 -1 19 -1 
17 16 15 14 13 12 -1 10 9 
-1 -1 -1 -1 -1 -1 11 -1 -1 
-1 -1 -1 -1 -1 -1 -1 -1 -1 
-1 -1 -1 -1 -1 -1 2 -1 -1 
8 7 6 5 4 3 -1 1 0 
-1 18 -1 -1 -1 -1 -1 20 -1 
22 26 30 34 38 35 31 27 23 

24 28 32 36 39 37 33 29 25 
-1 21 -1 -1 -1 -1 -1 19 -1 
17 16 15 14 13 12 -1 10 9 
-1 -1 -1 -1 -1 -1 11 -1 -1 
-1 -1 -1 -1 -1 -1 2 -1 -1 
-1 -1 -1 -1 -1 -1 -1 -1 -1 
8 7 6 5 4 3 -1 1 0 
-1 18 -1 -1 -1 -1 -1 20 -1 
22 26 30 34 38 35 31 27 23 

24 28 32 36 39 37 33 29 25 
-1 21 -1 -1 -1 -1 -1 19 -1 
17 16 15 14 13 12 -1 10 9 
-1 -1 -1 -1 -1 -1 -1 -1 -1 
-1 -1 -1 -1 -1 -1 11 -1 -1 
-1 -1 -1 -1 -1 -1 -1 -1 -1 
8 7 6 5 4 3 -1 1 0 
-1 18 -1 -1 -1 -1 -1 20 -1 
22 26 30 34 38 35 31 27 23 

24 28 32 36 39 37 33 29 25 
-1 21 -1 -1 -1 -1 -1 19 -1 
17 16 15 14 13 12 -1 10 9 
-1 -1 -1 -1 -1 -1 -1 -1 -1 
-1 -1 -1 -1 -1 -1 11 -1 -1 
-1 -1 -1 -1 -1 -1 -1 1 -1 
8 7 6 5 4 3 -1 -1 0 
-1 18 -1 -1 -1 -1 -1 20 -1 
22 26 30 34 38 35 31 27 23 

24 28 32 36 39 37 33 29 25 
-1 21 -1 -1 -1 -1 -1 19 -1 
17 16 15 14 13 12 -1 10 9 
-1 -1 -1 -1 -1 -1 -1 -1 -1 
-1 -1 -1 -1 -1 -1 11 -1 -1 
-1 -1 -1 -1 -1 -1 -1 1 -1 
8 7 6 5 4 3 -1 -1 0 
-1 18 -1 -1 2 -1 -1 20 -1 
22 26 30 34 38 35 31 27 23 

24 28 32 36 39 37 33 29 25 
-1 21 -1 -1 -1 -1 -1 19 -1 
17 16 15 14 13 12 -1 10 9 
-1 -1 -1 -1 -1 -1 -1 -1 -1 
-1 -1 -1 -1 -1 -1 11 -1 -1 
-1 -1 -1 5 -1 -1 -1 1 -1 
8 7 6 -1 4 3 -1 -1 0 
-1 18 -1 -1 2 -1 -1 20 -1 
22 26 30 34 38 35 31 27 23 

24 28 32 36 39 37 33 29 25 
-1 21 -1 -1 -1 -1 -1 19 -1 
17 16 15 14 13 12 -1 10 9 
-1 -1 -1 -1 -1 -1 -1 -1 -1 
-1 -1 -1 -1 -1 -1 11 -1 -1 
-1 -1 -1 5 -1 -1 -1 1 -1 
8 7 6 -1 4 3 -1 -1 0 
-1 18 -1 -1 -1 -1 -1 20 -1 
22 26 30 34 2 35 31 27 23 

